ID_pond	temp_air1_2021	temp_air2_2021	temp_air3_2021	temp_air1_2024	temp_air2_2024	temp_air3_2024	temp_eau1_2021	temp_eau2_2021	temp_eau3_2021	temp_eau1_2024	temp_eau2_2024	temp_eau3_2024	pluie1_2021	pluie2_2021	pluie3_2021	pluie1_2024	pluie2_2024	pluie3_2024	prof1_2021	prof2_2021	prof3_2021	prof1_2024	prof2_2024	prof3_2024	method1_2021	method2_2021	method3_2021	method1_2024	method2_2024	method3_2024	date1_2021	date2_2021	date3_2021	date1_2024	date2_2024	date3_2024	altitude	foret	haies	route	nb_mares	dist_presence	surface	ensoleillement	hydrophytes	X_L93	Y_L93
1	12	9	15	12	6	4.2	11	15	19	NA	11.5	10.2	0	0	0	1	1	1	150	150	150	150	150	140	vue	vue	vue	nasse_flottante	nasse_flottante	nasse_flottante	10/04/2021	12/05/2021	31/05/2021	03/04/2024	16/04/2024	26/04/2024	141	22168	1365.088819	26521	10	3002.326496	400	4	40	1047949.52684378	6832256.34865314
2	7	12	10	7	11.5	13	9	14	14	14.35	14.6	16.5	0	0	0	1	1	1	60	50	115	70	70	70	vue	vue	vue	vue	vue	vue	19/04/2021	26/04/2021	18/05/2021	15/04/2024	02/05/2024	15/05/2024	128	696951	0	0	17	0.314200717	100	3	50	1064173.31332316	6859385.97737469
3	NA	NA	NA	14	NA	12.2	NA	NA	NA	14.4	NA	15.2	NA	NA	NA	0	NA	NA	NA	NA	NA	NA	NA	NA	NA	NA	NA	nasse_immergee	nasse_immergee	nasse_immergee	NA	NA	NA	21/03/2024	08/04/2024	02/05/2024	139	711641	0	11495	2	210.8132448	320	3	10	1047668.76328598	6853995.33140558
4	7.2	11.8	11.5	14.2	6.8	14.1	11.3	10.7	NA	12.25	11.2	14.45	1	0	0	0	NA	0	NA	NA	NA	80	NA	NA	nasse_flottante	nasse_flottante	nasse_flottante	nasse_immergee	nasse_immergee	nasse_immergee	30/04/2021	07/05/2021	12/05/2021	18/03/2024	10/04/2024	06/05/2024	141	382019	370.4694151	21243	1	3.289060214	165	1	10	1053956.49535869	6834762.4753867
5	NA	NA	NA	13	NA	12.2	NA	NA	NA	12.8	NA	13.9	NA	NA	NA	0	NA	NA	NA	NA	NA	NA	NA	NA	NA	NA	NA	nasse_immergee	nasse_immergee	nasse_immergee	NA	NA	NA	21/03/2024	08/04/2024	02/05/2024	138	767170	0	0	2	234.557615	1000	2	10	1048345.0035913	6854370.49704874
6	NA	NA	NA	11.9	17	12.4	NA	NA	NA	14	18.3	13.8	NA	NA	NA	0	NA	NA	NA	NA	NA	NA	NA	NA	NA	NA	NA	nasse_immergee	nasse_immergee	nasse_immergee	NA	NA	NA	21/03/2024	08/04/2024	02/05/2024	138	696464	0	0	2	10.29785659	2100	0	10	1047702.00000019	6855071.99999689
7	NA	NA	NA	17	15.7	13.4	NA	NA	NA	13.3	16.4	15.6	NA	NA	NA	0	NA	NA	NA	NA	NA	NA	NA	NA	NA	NA	NA	nasse_immergee	nasse_immergee	nasse_immergee	NA	NA	NA	21/03/2024	08/04/2024	02/05/2024	140	733984	0	26654	1	344.2083185	75	3	10	1047345.83459308	6854474.18539175
8	7	6	16	12	5	NA	10	17	17	NA	NA	NA	0	0	0	1	1	1	100	100	100	NA	NA	NA	vue	vue	vue	vue	vue	NA	19/04/2021	26/04/2021	02/06/2021	22/03/2024	18/04/2024	NA	123	562948	116.8776619	1742	4	2280.672884	200	3	20	1067181.93127314	6873221.09670508
9	7	6	16	12	5	12	10	14	17	NA	NA	NA	0	0	0	1	1	1	100	100	100	NA	NA	NA	vue	vue	vue	vue	vue	NA	19/04/2021	26/04/2021	02/06/2021	22/03/2024	18/04/2024	NA	119	526160	145.6229725	7117	4	2214.592262	1600	3	20	1067253.66675842	6873206.74960803
10	10	13	17	11	9	11.6	16	19	21	12	15.7	17.2	1	1	0	0	0	0	40	40	40	30	30	35	vue	vue	vue	nasse_immergee	nasse_immergee	nasse_immergee	23/04/2021	10/05/2021	28/05/2021	26/03/2024	12/04/2024	30/04/2024	152	418050	313.5076176	0	1	7.423338557	400	4	30	1050606.21941007	6824100.13191685
11	7	13	17	9.7	11	12.1	13	15	17	12.1	15.2	16.1	1	1	0	0	0	0	50	50	45	40	40	50	vue	vue	vue	nasse_immergee	nasse_immergee	nasse_immergee	23/04/2021	10/05/2021	28/05/2021	26/03/2024	12/04/2024	30/04/2024	153	750074	0	0	1	195.1592101	36	0	25	1050229.83219545	6824669.801998
12	10	13	17	NA	NA	NA	14	16	16	NA	NA	NA	1	1	0	NA	NA	NA	60	60	90	NA	NA	NA	vue	vue	vue	NA	NA	NA	23/04/2021	10/05/2021	28/05/2021	NA	NA	NA	149	404160	558.8090347	0	0	435.8715348	1000	3	15	1050845.40359289	6824644.6896161
13	7	13	17	11	11	14.3	10	13	14	12.6	13	15.7	1	1	0	0	0	0	30	30	30	40	40	30	vue	vue	vue	vue	vue	vue	23/04/2021	10/05/2021	28/05/2021	26/03/2024	12/04/2024	30/04/2024	152	746955	0	0	1	19.02471417	300	2	35	1050071.43968055	6824965.1061629
14	8	13	17	10	11	NA	10	13	14	NA	NA	NA	1	1	0	0	0	0	10	20	30	0	0	0	vue	vue	vue	NA	NA	NA	23/04/2021	10/05/2021	28/05/2021	26/03/2024	12/04/2024	30/04/2024	149	755415	0	0	1	9.018273083	90	0	0	1049996.22452872	6824715.39185882
15	6	13	17	10.3	11	15.5	10	13	14	10.6	14.9	16.8	1	1	0	0	0	0	20	30	50	50	50	30	vue	vue	vue	nasse_immergee	nasse_immergee	nasse_immergee	23/04/2021	10/05/2021	28/05/2021	26/03/2024	12/04/2024	30/04/2024	152	740369	0	0	0	9.356700961	92	0	15	1050186.20219248	6825556.57580652
16	14	10	17	12	6.7	6.3	13	16	20	NA	12.8	10.5	0	0	0	0	0	1	110	110	110	140	130	140	vue	vue	vue	vue	vue	vue	10/04/2021	12/05/2021	31/05/2021	03/04/2024	16/04/2024	26/04/2024	152	398244	835.5958088	0	1	8.821138197	400	4	10	1047172.97187301	6827574.28160005
17	16	10	12	12	7	7.7	14	17	19	NA	13.7	13.9	0	0	0	0	1	0	90	100	110	150	150	150	vue	vue	vue	vue	vue	vue	10/04/2021	12/05/2021	31/05/2021	03/04/2024	16/04/2024	26/04/2024	154	269798	2481.839762	12110	0	1436.889419	50	4	0	1045169.24365956	6817513.96791425
18	10	8	11	13	10	6	13	15	19	NA	14.7	NA	0	0	0	0	0	1	60	60	70	90	90	90	vue	vue	vue	vue	vue	vue	10/04/2021	12/05/2021	31/05/2021	03/04/2024	16/04/2024	26/04/2024	149	454052	644.1860359	15046	5	5827.561839	25	4	50	1042591.84313372	6831220.81771098
19	17	10	11	12	6.7	10.5	15	18	21	NA	11.5	11.3	0	0	0	0	1	1	90	110	100	70	70	70	vue	vue	vue	vue	vue	vue	10/04/2021	12/05/2021	31/05/2021	03/04/2024	16/04/2024	26/04/2024	152	62005	2129.403815	0	5	1.519458818	300	4	55	1045033.00264597	6815244.1408085
20	8.5	14	16	18	18	8	11	17.5	17	16.4	19.75	13.55	1	1	0	0	0	0	70	65	70	60	70	70	vue	vue	vue	vue	vue	vue	21/04/2021	11/05/2021	01/06/2021	19/03/2024	08/04/2024	26/04/2024	148	48128	849.2921533	45417	3	0.336262204	360	4	75	1033304.26821009	6835461.79736452
22	11	15	9	8.6	9	15	9	16	11	9.3	11.9	14	0	0	0	0	NA	0	50	50	50	NA	NA	100	nasse_flottante	nasse_flottante	nasse_flottante	nasse_immergee	nasse_immergee	nasse_immergee	28/04/2021	19/05/2021	27/05/2021	20/03/2024	09/04/2024	29/04/2024	142	354658	2962.242143	152	9	3.938545007	570	4	80	1051231.62240086	6832575.83798197
23	6	16	11	10.7	12.2	14	13	16	13	13	13.3	15	0	0	0	0	NA	0	30	30	30	NA	NA	40	nasse_flottante	nasse_flottante	nasse_flottante	nasse_immergee	nasse_immergee	nasse_immergee	28/04/2021	19/05/2021	27/05/2021	20/03/2024	09/04/2024	29/04/2024	150	669896	446.7686118	22848	5	431.7154328	49	4	5	1051734.66918309	6832870.99037006
24	7	12	11	14.2	6.8	14.7	11	11	13	12	11.6	15.8	0	0	1	0	NA	0	NA	NA	NA	120	NA	NA	nasse_flottante	nasse_flottante	nasse_flottante	nasse_immergee	nasse_immergee	nasse_immergee	30/04/2021	07/05/2021	12/05/2021	18/03/2024	10/04/2024	06/05/2024	145	412704	0	0	0	46.53466511	450	2	0	1054559.30355388	6835034.27511289
25	7	12	11	10	6.2	12	15	7	16	13	13.1	14	0	0	1	0	0	0	NA	NA	NA	180	180	100	nasse_flottante	nasse_flottante	nasse_flottante	nasse_immergee	nasse_immergee	nasse_immergee	30/04/2021	07/05/2021	12/05/2021	18/03/2024	10/04/2024	06/05/2024	145	495355	0	0	1	18.27255363	225	0	0	1054137.93866398	6833677.44414133
26	7	12	11	10	6.5	13	14	7	15	13	11.4	14	0	0	1	0	0	0	NA	NA	NA	40	40	60	nasse_flottante	nasse_flottante	nasse_flottante	nasse_immergee	nasse_immergee	nasse_immergee	30/04/2021	07/05/2021	12/05/2021	18/03/2024	10/04/2024	06/05/2024	145	461413	0	0	1	51.28818001	300	1	30	1053868.73093051	6833403.60931454
27	7	12	11	10	6.6	14	13	12	14	12	13.4	14	0	0	1	0	0	0	NA	NA	NA	90	90	100	nasse_flottante	nasse_flottante	nasse_flottante	nasse_immergee	nasse_immergee	nasse_immergee	30/04/2021	07/05/2021	12/05/2021	18/03/2024	10/04/2024	06/05/2024	142	326761	646.8799351	18805	0	20.34842379	600	0	35	1053312.3907565	6833275.69215355
28	7	12	11	14.2	8.2	16	11	13	14	12	11.5	15.1	0	0	1	0	NA	0	NA	NA	NA	40	NA	NA	nasse_flottante	nasse_flottante	nasse_flottante	nasse_immergee	nasse_immergee	nasse_immergee	30/04/2021	07/05/2021	12/05/2021	18/03/2024	10/04/2024	06/05/2024	146	429084	0	0	0	3.205978274	300	1	40	1054464.95764008	6834358.99233825
29	6	14	9	13.4	8.9	18.9	9	12	12	12.1	10.7	13.5	0	0	0	0	NA	0	80	80	80	60	NA	NA	nasse_flottante	nasse_flottante	nasse_flottante	nasse_immergee	nasse_immergee	nasse_immergee	28/04/2021	19/05/2021	27/05/2021	20/03/2024	09/04/2024	29/04/2024	144	726495	98.02449843	17789	0	1.5	1800	0	10	1050507.90117066	6836622.06648201
30	6	13	9	11.5	9.4	15.2	10	11	12	12.65	12.2	14.6	0	0	0	0	NA	0	80	80	80	70	NA	NA	nasse_flottante	nasse_flottante	nasse_flottante	nasse_immergee	nasse_immergee	nasse_immergee	28/04/2021	19/05/2021	27/05/2021	20/03/2024	09/04/2024	29/04/2024	148	416849	615.7543822	18724	1	638	315	0	15	1050215.10836573	6837205.92700003
31	8	18	15.5	12.3	9.4	4.2	8.5	10.5	16	11.6	12.2	7.95	0	0	1	0	NA	0	15	25	25	50	50	50	nasse_flottante	nasse_flottante	nasse_flottante	nasse_immergee	nasse_immergee	nasse_immergee	27/04/2021	07/05/2021	26/05/2021	19/03/2024	11/04/2024	22/04/2024	146	720121	0	35910	3	49.68626292	1100	1	0	1054631.3926715	6846058.39183684
33	8	18	13.5	11	7.75	1.6	8.5	10	11.5	11.3	10.35	7	0	0	1	0	NA	0	20	30	30	30	30	30	amphicapt	amphicapt	amphicapt	nasse_immergee	nasse_immergee	nasse_immergee	27/04/2021	07/05/2021	26/05/2021	19/03/2024	11/04/2024	22/04/2024	141	594239	1017.190422	11779	2	6.67888214	1300	1	0	1055315.50139031	6846594.99281451
35	20	14	30	11.5	11.8	26.8	19	17	33	15.1	17.6	21.5	0	0	0	0	0	0	40	40	40	100	100	100	nasse_flottante	nasse_flottante	nasse_flottante	nasse_flottante	nasse_flottante	nasse_flottante	28/04/2021	17/05/2021	14/06/2021	25/04/2024	02/05/2024	12/05/2024	238	208488	1479.550348	13723	4	331.6848764	279	4	50	1040817.62220422	6734269.8942098
36	20	15	28	11.7	11	18	17	13	21	8.7	13	21.5	0	0	0	0	0	0	50	50	50	90	90	90	nasse_flottante	nasse_flottante	nasse_flottante	nasse_flottante	nasse_flottante	nasse_flottante	28/04/2021	17/05/2021	14/06/2021	25/04/2024	02/05/2024	12/05/2024	239	95003	3248.823889	3691	2	307.2996735	35	0	30	1041467.52545983	6734064.95705165
37	20	14	29	13.5	12	26.2	20	18	32	15.2	17.4	23.3	0	0	0	0	0	0	150	150	150	150	150	150	nasse_flottante	nasse_flottante	nasse_flottante	nasse_flottante	nasse_flottante	nasse_flottante	28/04/2021	17/05/2021	14/06/2021	25/04/2024	02/05/2024	12/05/2024	237	114350	2239.815732	10091	4	306.9858787	2667	4	40	1041191.17096638	6734064.95705165
38	20	16	31	13.5	11.9	23.7	20	18	33	13.8	15.7	23.5	0	0	0	0	0	0	40	40	40	60	60	60	nasse_flottante	nasse_flottante	nasse_flottante	nasse_flottante	nasse_flottante	nasse_flottante	28/04/2021	17/05/2021	14/06/2021	25/04/2024	02/05/2024	12/05/2024	236	169452	1546.909591	7167	7	368.6688498	925	1	70	1041027.41796086	6733868.05468561
39	20	18	31	14.5	13.4	23.9	20	19	30	13.7	16.2	23.3	0	0	0	0	0	0	40	40	40	70	70	70	nasse_flottante	nasse_flottante	nasse_flottante	nasse_flottante	nasse_flottante	nasse_flottante	28/04/2021	17/05/2021	14/06/2021	25/04/2024	02/05/2024	12/05/2024	243	135557	356.3200608	49774	4	20.85063852	855	2	75	1040753.33857479	6733522.82007431
40	20	16	26	15.1	14.5	21.6	21	19	29	14.4	16.9	26	0	0	0	0	0	1	150	150	150	80	80	80	nasse_flottante	nasse_flottante	nasse_flottante	nasse_flottante	nasse_flottante	nasse_flottante	28/04/2021	17/05/2021	14/06/2021	25/04/2024	02/05/2024	12/05/2024	252	128971	180.0566801	46451	4	127.9373479	1365	3	60	1040610.62268145	6733614.45016492
41	NA	NA	NA	15.7	18	8	NA	NA	NA	14.8	18	10.3	NA	NA	NA	0	0	0	NA	NA	NA	90	90	80	NA	NA	NA	vue	vue	vue	NA	NA	NA	19/03/2024	08/04/2024	26/04/2024	163	170568	1608.165713	44498	3	119.0389942	179	3	45	1036532.00000018	6835196.9999968
42	NA	NA	NA	17	18	8	NA	NA	NA	12.2	14.8	9.2	NA	NA	NA	0	0	0	NA	NA	NA	80	80	60	NA	NA	NA	vue	vue	vue	NA	NA	NA	19/03/2024	08/04/2024	26/04/2024	162	220387	1013.433742	44635	3	1.87734144	650	2	0	1036485.04461682	6835317.44087405
43	7	8	11	15	9	8	NA	NA	NA	NA	NA	NA	0	0	0	1	0	0	20	20	10	25	40	40	nasse_flottante	nasse_flottante	nasse_flottante	nasse_flottante	nasse_flottante	nasse_flottante	05/05/2021	19/05/2021	26/05/2021	07/04/2024	23/04/2024	02/05/2024	406	258816	396.7989523	376	0	6.610410294	2000	3	0	1017099.81530996	6724661.68088828
44	5	8	8	7	9	8	NA	NA	NA	NA	NA	NA	1	1	0	1	0	0	60	70	70	55	55	55	nasse_flottante	nasse_flottante	nasse_flottante	nasse_flottante	nasse_flottante	nasse_flottante	30/04/2021	12/05/2021	28/05/2021	09/04/2024	23/04/2024	02/05/2024	422	535965	287.7237151	0	0	2.798016686	3400	3	0	1016584.99936075	6725459.95426877
45	7	8	11	10	5	2	NA	NA	NA	NA	NA	NA	0	0	0	0	1	0	200	200	200	200	208	207	nasse_flottante	nasse_flottante	nasse_flottante	nasse_flottante	nasse_flottante	nasse_flottante	05/05/2021	19/05/2021	26/05/2021	04/04/2024	16/04/2024	24/04/2024	411	148434	0	28	0	12.93055954	13000	3	5	1017293.85624866	6724619.13471461
46	7	8	8	4	5	2	NA	NA	NA	NA	NA	NA	1	1	0	0	1	0	50	60	50	30	30	30	nasse_flottante	nasse_flottante	nasse_flottante	nasse_flottante	nasse_flottante	nasse_flottante	28/04/2021	12/05/2021	28/05/2021	02/04/2024	16/04/2024	24/04/2024	418	262590	883.0323696	0	0	14.07181202	3000	2	35	1018359.6483812	6723856.57911391
47	11	13	17	NA	NA	NA	11	13	14	NA	NA	NA	1	1	0	NA	NA	NA	40	40	70	NA	NA	NA	vue	vue	vue	NA	NA	NA	23/04/2021	10/05/2021	28/05/2021	NA	NA	NA	150	739413	0	8544	0	42.21212765	20	0	0	1049256.85958622	6824080.57597737
48	9	13	17	11	12	11.4	16	16	17	12.4	14.9	17.6	1	1	0	0	0	0	50	50	90	70	70	70	vue	vue	vue	nasse_immergee	nasse_immergee	nasse_immergee	23/04/2021	10/05/2021	28/05/2021	26/03/2024	12/04/2024	30/04/2024	152	767086	0	6201	0	4.388166278	1440	2	15	1049954.85619521	6824146.76531098
49	7	9	14	11	4	13	NA	NA	NA	NA	NA	NA	1	1	1	0	0	1	70	60	60	70	60	50	amphicapt	amphicapt	amphicapt	amphicapt	amphicapt	amphicapt	07/05/2021	18/05/2021	29/06/2021	22/03/2024	25/04/2024	16/05/2024	220	332230	2419.179612	12309	17	0	242	3	80	890012	6911269
50	3	8	17	9	4.5	10.5	7	13	NA	10.8	10.2	NA	1	1	0	0	0	0	20	20	0	50	50	30	nasse_flottante	nasse_flottante	nasse_flottante	nasse_flottante	nasse_flottante	nasse_flottante	15/04/2021	07/05/2021	02/06/2021	02/04/2024	23/04/2024	06/05/2024	255	304735	902.558561	1546	10	8.545014592	221	4	0	993442	6867598
51	3.5	8	18	9	7	10.5	7	14.5	18.5	11.65	10.85	NA	0	1	0	0	0	0	130	130	100	100	100	100	nasse_flottante	nasse_flottante	nasse_flottante	nasse_flottante	nasse_flottante	nasse_flottante	15/04/2021	07/05/2021	02/06/2021	02/04/2024	23/04/2024	06/05/2024	254	82912	1477.427811	15749	4	0	368	3	NA	993905	6867308
52	4	8	20	7.5	4.5	9.5	7	11	20	11.8	11.3	NA	1	1	0	0	0	0	110	110	100	100	100	100	nasse_flottante	nasse_flottante	nasse_flottante	nasse_flottante	nasse_flottante	nasse_flottante	15/04/2021	07/05/2021	02/06/2021	02/04/2024	23/04/2024	06/05/2024	253	4720	2247.226739	1488	2	3.162629362	264	4	NA	993982	6868722
53	3	8	21	6.5	6	9	9	NA	24	NA	NA	14.1	0	1	0	0	0	1	90	90	70	50	50	50	nasse_flottante	nasse_flottante	nasse_flottante	nasse_flottante	nasse_flottante	nasse_flottante	28/04/2021	26/05/2021	09/06/2021	28/03/2024	15/04/2024	02/05/2024	244	334052	687.7394127	0	3	1.000081853	35	4	70	897629	6869099
54	7	8	21	6.5	6	9	10	NA	20	NA	NA	13.4	0	1	0	0	0	1	60	60	50	60	60	60	nasse_flottante	nasse_flottante	nasse_flottante	nasse_flottante	nasse_flottante	nasse_flottante	28/04/2021	26/05/2021	09/06/2021	28/03/2024	15/04/2024	02/05/2024	243	335650	687.7394127	0	3	5.099433933	134	1	0	897533	6869186
55	6	9	18	11.5	4	11.5	10	NA	20	10.3	9.6	14.7	1	1	1	1	0	0	NA	NA	NA	120	120	120	nasse_flottante	nasse_flottante	nasse_flottante	nasse_flottante	nasse_flottante	nasse_flottante	30/04/2021	12/05/2021	06/07/2021	26/03/2024	18/04/2024	10/05/2024	172	5613	452.3714075	1281	2	16.1556817	145	2	NA	849269	6878032
56	7	9	14	11	4	13	NA	NA	NA	NA	NA	NA	1	1	1	0	0	1	70	60	60	70	60	NA	amphicapt	amphicapt	amphicapt	amphicapt	amphicapt	amphicapt	07/05/2021	18/05/2021	29/06/2021	22/03/2024	25/04/2024	16/05/2024	215	287462	2523.824604	5716	15	0.999777406	468	3	20	890096	6911289
57	12	12	23	14	6	11	13	NA	22	12.9	NA	13.1	0	0	0	0	0	0	150	150	150	100	100	100	nasse_flottante	nasse_flottante	nasse_flottante	nasse_flottante	nasse_flottante	nasse_flottante	29/04/2021	27/05/2021	10/06/2021	21/03/2024	09/04/2024	29/04/2024	209	3052	2441.844811	3603	9	18.9950072	262	3	30	886390	6916319
58	11	11	21	14	7	11	16	NA	23	13.5	13.7	14.3	0	0	0	0	0	0	30	30	30	80	80	80	nasse_flottante	nasse_flottante	nasse_flottante	nasse_flottante	nasse_flottante	nasse_flottante	29/04/2021	27/05/2021	10/06/2021	21/03/2024	09/04/2024	29/04/2024	211	20712	3446.803415	0	12	2.699916437	276	4	30	886922.504238465	6916443.96822143
59	10	11	21	14	7	11	16	NA	22	11.4	12.3	12.2	0	0	0	0	0	0	100	100	100	80	80	80	nasse_flottante	nasse_flottante	nasse_flottante	nasse_flottante	nasse_flottante	nasse_flottante	29/04/2021	27/05/2021	10/06/2021	21/03/2024	09/04/2024	29/04/2024	211	28445	2765.766451	0	8	1.413839424	223	2	NA	887025	6916576
60	11	11	21	14	7	11	18	NA	24	12.9	12.8	13.7	0	0	0	0	0	0	60	60	60	70	70	70	nasse_flottante	nasse_flottante	nasse_flottante	nasse_flottante	nasse_flottante	nasse_flottante	29/04/2021	27/05/2021	10/06/2021	21/03/2024	09/04/2024	29/04/2024	211	37595	3371.520661	0	11	4.251667831	79	4	50	887083.879775714	6916337.94646706
61	11	12	19	14	7	11	12	NA	23	12.4	14	13.2	0	0	0	0	0	0	100	100	100	80	80	80	nasse_flottante	nasse_flottante	nasse_flottante	nasse_flottante	nasse_flottante	nasse_flottante	29/04/2021	27/05/2021	10/06/2021	21/03/2024	09/04/2024	29/04/2024	212	42235	2527.685189	0	8	1.413841577	96	3	NA	887268	6916390
62	10	8	19	13	5	13	11	11	15.5	14.1	9.8	NA	0	0	0	0	1	0	110	110	60	100	100	100	nasse_flottante	nasse_flottante	nasse_flottante	nasse_flottante	nasse_flottante	nasse_flottante	14/04/2021	06/05/2021	31/05/2021	05/04/2024	24/04/2024	07/05/2024	251	50658	986.3320836	0	15	1.41422555	741	4	10	968885	6882822
63	3	8	16	14.5	5.5	13	9	9.5	15	NA	10.5	NA	0	0	0	0	0	0	130	1300	100	100	100	100	nasse_flottante	nasse_flottante	nasse_flottante	nasse_flottante	nasse_flottante	nasse_flottante	14/04/2021	06/05/2021	31/05/2021	05/04/2024	24/04/2024	07/05/2024	250	51294	1347.54646	0	9	0	842	3	10	969439	6883568
64	10.5	8	18	14	5	13	9	9	NA	13.7	8.6	NA	0	0	0	0	1	0	30	30	0	60	60	60	nasse_flottante	nasse_flottante	nasse_flottante	nasse_flottante	nasse_flottante	nasse_flottante	14/04/2021	06/05/2021	31/05/2021	05/04/2024	24/04/2024	07/05/2024	252	11676	838.5050762	0	14	0	311	2	80	968702	6882619
65	9.5	8	18	14	5	13	8	9	15	13	6.5	NA	0	0	0	0	1	0	100	100	100	150	150	150	nasse_flottante	nasse_flottante	nasse_flottante	nasse_flottante	nasse_flottante	nasse_flottante	14/04/2021	06/05/2021	31/05/2021	05/04/2024	24/04/2024	07/05/2024	252	31116	1004.633662	0	15	7.615842522	154	1	0	968857	6882726
66	4	10	17	14	5	11	4	10	15	14.6	9.3	NA	0	0	0	0	1	0	110	110	100	80	80	80	nasse_flottante	nasse_flottante	nasse_flottante	nasse_flottante	nasse_flottante	nasse_flottante	14/04/2021	06/05/2021	31/05/2021	05/04/2024	24/04/2024	07/05/2024	249	14596	2180.042562	2832	2	0	687	4	60	970336	6882395
67	4	11	16	4.5	22.5	12	9	13	18.5	NA	NA	NA	1	1	0	0	0	0	60	60	40	100	100	100	nasse_flottante	nasse_flottante	nasse_flottante	nasse_flottante	nasse_flottante	nasse_flottante	09/04/2021	18/05/2021	03/06/2021	25/03/2024	08/04/2024	24/04/2024	275	153988	2135.675934	15717	1	12.37429311	174	3	NA	943518	6816864
68	4	8	16	13	7	12	8	NA	21	NA	NA	NA	0	1	0	0	0	0	60	60	60	80	80	80	epuisette	epuisette	epuisette	vue	vue	vue	27/04/2021	25/05/2021	07/06/2021	20/03/2024	10/04/2024	17/05/2024	238	31742	1862.810831	1191	5	6.108937916	55	4	80	908721.684242479	6853022.96438697
69	4	8	17	13	7	11	8	NA	22	NA	NA	NA	1	1	0	0	0	0	60	60	50	60	60	60	epuisette	epuisette	epuisette	vue	vue	vue	27/04/2021	25/05/2021	07/06/2021	20/03/2024	10/04/2024	17/05/2024	232	23806	2809.960636	7014	4	5.338004296	290	3	NA	908858.841277358	6852630.75378077
70	6	8	18	13	8	11	8	NA	25	NA	NA	NA	0	1	0	0	0	0	70	100	70	100	100	100	epuisette	epuisette	epuisette	vue	vue	nasse_flottante	27/04/2021	25/05/2021	07/06/2021	20/03/2024	10/04/2024	17/05/2024	223	40069	4076.664608	8000	7	4.26128265	41	3	NA	909968.280988374	6852669.40156634
71	7	8	17	13	7	11	8	NA	20	NA	NA	NA	1	1	0	0	0	0	80	100	100	100	100	100	epuisette	epuisette	epuisette	vue	vue	nasse_flottante	27/04/2021	25/05/2021	07/06/2021	20/03/2024	10/04/2024	17/05/2024	230	28302	3525.411389	10995	6	3.16287243	323	3	NA	909783	6852970
72	10	8	17	13	7	11	8	NA	22	NA	NA	NA	1	1	0	0	0	0	60	70	60	100	100	100	epuisette	epuisette	epuisette	vue	vue	vue	27/04/2021	25/05/2021	07/06/2021	20/03/2024	10/04/2024	17/05/2024	232	13265	2386.579355	0	3	1.000189173	214	4	NA	909103	6852768
73	16	9	19	5	6	NA	20	NA	22	NA	NA	NA	0	1	0	0	0	0	150	150	150	200	200	200	nasse_flottante	nasse_flottante	nasse_flottante	nasse_flottante	nasse_flottante	nasse_flottante	28/04/2021	26/05/2021	09/06/2021	28/03/2024	15/04/2024	02/05/2024	232	249727	348.5561483	0	3	10.19881763	420	4	NA	903610	6870135
74	16	9	20	5	6	10.5	20	NA	25	NA	NA	NA	0	1	0	0	0	0	110	110	110	100	100	100	nasse_flottante	nasse_flottante	nasse_flottante	nasse_flottante	nasse_flottante	nasse_flottante	28/04/2021	26/05/2021	09/06/2021	28/03/2024	15/04/2024	02/05/2024	222	90202	249.7138495	0	0	6.083235774	175	4	NA	902539	6869883
75	4	10	17	14	5.5	13	3	NA	NA	14.8	8.3	NA	0	0	0	0	1	0	NA	NA	NA	40	40	40	nasse_flottante	nasse_flottante	nasse_flottante	nasse_flottante	nasse_flottante	nasse_flottante	14/04/2021	06/05/2021	31/05/2021	05/04/2024	24/04/2024	07/05/2024	248	28552	1154.245259	0	7	5.000049964	186	4	90	969897	6882651
77	17	9	19	5	6	NA	20	NA	22	NA	15.4	NA	0	1	0	0	0	0	100	100	100	100	100	100	nasse_flottante	nasse_flottante	nasse_flottante	nasse_flottante	nasse_flottante	nasse_flottante	28/04/2021	26/05/2021	09/06/2021	28/03/2024	15/04/2024	02/05/2024	220	20117	1782.324548	0	1	15.03440398	81	4	NA	904182	6870558
78	11	12	23	14	6	11	10	NA	22	11.8	13.4	13.4	0	0	0	0	0	0	110	110	100	150	150	150	nasse_flottante	nasse_flottante	nasse_flottante	nasse_flottante	nasse_flottante	nasse_flottante	29/04/2021	27/05/2021	10/06/2021	21/03/2024	09/04/2024	29/04/2024	214	3192	3182.339968	5702	8	4.998670933	183	3	NA	886402	6916713
79	12	12	23	NA	6	11	12	NA	NA	NA	12.6	13.6	0	0	0	0	0	0	10	10	10	50	50	50	nasse_flottante	nasse_flottante	nasse_flottante	nasse_flottante	nasse_flottante	nasse_flottante	29/04/2021	27/05/2021	10/06/2021	21/03/2024	09/04/2024	29/04/2024	208	24292	3553.653112	0	16	3.604605061	189	4	70	886793	6916299
80	8	9	19	10.8	4	13	10	NA	20	10.3	NA	15.3	1	1	1	1	0	0	NA	NA	NA	120	120	120	nasse_flottante	nasse_flottante	nasse_flottante	nasse_flottante	nasse_flottante	nasse_flottante	30/04/2021	12/05/2021	06/07/2021	26/03/2024	18/04/2024	10/05/2024	160	16109	1609.411256	0	0	8.062303946	138	3	NA	848135	6878855
81	12	8	18	NA	6	10.5	18	NA	26	NA	15.2	15.2	0	1	0	0	0	1	110	110	100	80	80	80	nasse_flottante	nasse_flottante	nasse_flottante	nasse_flottante	nasse_flottante	nasse_flottante	28/04/2021	26/05/2021	09/06/2021	28/03/2024	15/04/2024	02/05/2024	231	53850	2277.349178	0	4	14.42280549	132	4	80	898508	6875135
82	10	11	21	12	7	11	18	NA	22	14	12.5	12.9	0	0	0	0	0	0	100	100	100	80	80	80	nasse_flottante	nasse_flottante	nasse_flottante	nasse_flottante	nasse_flottante	nasse_flottante	29/04/2021	27/05/2021	10/06/2021	07/05/2024	02/05/2024	29/04/2024	209	23595	3027.79433	0	11	4.241518846	372	3	NA	886911	6916553
83	10.5	8	18	14	5	13	11	10	16	13	8.5	NA	0	0	0	0	0	0	130	130	100	150	150	150	nasse_flottante	nasse_flottante	nasse_flottante	nasse_flottante	nasse_flottante	nasse_flottante	14/04/2021	06/05/2021	31/05/2021	05/04/2024	24/04/2024	07/05/2024	252	35124	1035.089131	0	15	2.236087422	229	2	NA	968766	6882785
84	-3	9	18	5	5.5	15.5	5	15	23	NA	10.9	18.8	1	1	0	0	0	0	50	50	50	40	40	40	nasse_flottante	nasse_flottante	nasse_flottante	nasse_flottante	nasse_flottante	nasse_flottante	06/04/2021	20/05/2021	04/06/2021	07/05/2024	02/05/2024	30/04/2024	306	286990	536.6380481	1854	0	7.075192465	272	4	60	927028	6778229
85	9	8	16	6	6	11	12	NA	20	NA	11.8	12.1	0	1	0	0	0	1	100	100	100	100	100	100	nasse_flottante	nasse_flottante	nasse_flottante	nasse_flottante	nasse_flottante	nasse_flottante	28/04/2021	26/05/2021	09/06/2021	28/03/2024	15/04/2024	02/05/2024	233	38828	2491.751837	2825	4	9.434388653	112	1	NA	898150	6874883
86	10	8	17	12	12	6	7	14	18	NA	NA	NA	1	1	0	1	1	0	100	100	100	80	80	80	nasse_flottante	nasse_flottante	nasse_flottante	nasse_flottante	nasse_flottante	nasse_flottante	19/04/2021	17/05/2021	14/06/2021	04/04/2024	04/04/2024	25/04/2024	206	1101	1354.904211	111733	7	2.236582873	538	4	10	938475	6847178
87	10	8	17	12	12	6	12.5	14	22	NA	NA	NA	1	1	0	1	1	0	120	100	100	100	100	100	nasse_flottante	nasse_flottante	nasse_flottante	nasse_flottante	nasse_flottante	nasse_flottante	19/04/2021	17/05/2021	14/06/2021	04/04/2024	04/04/2024	25/04/2024	207	3244	1410.690835	51457	6	3.162998997	474	4	50	938522	6847536
88	11	8.75	20.5	12	12	6	13.75	13.75	21	NA	NA	NA	0	1	0	1	1	0	100	90	70	100	100	100	nasse_flottante	nasse_flottante	nasse_flottante	nasse_flottante	nasse_flottante	nasse_flottante	19/04/2021	17/05/2021	14/06/2021	04/04/2024	04/04/2024	25/04/2024	211	3700	2080.425068	54219	26	0	322	4	50	937927	6847783
89	NA	NA	NA	14	14	18	NA	NA	NA	NA	NA	NA	NA	NA	NA	0	0	0	NA	NA	NA	90	80	65	NA	NA	NA	nasse_flottante	nasse_flottante	nasse_flottante	NA	NA	NA	15/04/2024	29/04/2024	13/05/2024	83	22808	437.0860451	0	1	22.12880785	500	1	50	768078.617258649	6823081.33200031
90	NA	NA	NA	14	14	18	NA	NA	NA	NA	NA	NA	NA	NA	NA	0	0	0	NA	NA	NA	80	70	60	NA	NA	NA	nasse_flottante	nasse_flottante	nasse_flottante	NA	NA	NA	15/04/2024	29/04/2024	13/05/2024	82	28864	564.7404816	2464	1	538.0887049	3300	3	80	767717.015979495	6822709.29208874
91	12	10	23	12	12	6	14	14	21	NA	NA	NA	1	1	0	1	1	0	120	70	60	80	80	80	nasse_flottante	nasse_flottante	nasse_flottante	nasse_flottante	nasse_flottante	nasse_flottante	19/04/2021	17/05/2021	14/06/2021	04/04/2024	04/04/2024	25/04/2024	214	3700	1812.91233	53382	25	1.099438639	13	4	50	938074.584721269	6847925.98227529
92	NA	NA	NA	17	23	16	NA	NA	NA	NA	NA	NA	NA	NA	NA	0	0	0	NA	NA	NA	120	120	110	NA	NA	NA	nasse_flottante	nasse_flottante	nasse_flottante	NA	NA	NA	29/04/2024	13/05/2024	26/05/2024	62	540375	869.399468	7160	4	2302.39934	380	3	65	735978.626367389	6824032.32755082
93	12	10	23	12	12	6	17	14	22	NA	NA	NA	0	1	0	1	1	0	100	60	70	80	80	80	nasse_flottante	nasse_flottante	nasse_flottante	nasse_flottante	nasse_flottante	nasse_flottante	19/04/2021	17/05/2021	14/06/2021	04/04/2024	04/04/2024	25/04/2024	216	3700	1893.4712	52849	24	1.414532155	15	4	NA	938133	6847989
94	NA	NA	NA	16	21	16	NA	NA	NA	NA	NA	NA	NA	NA	NA	0	0	0	NA	NA	NA	120	120	110	NA	NA	NA	nasse_flottante	nasse_flottante	nasse_flottante	NA	NA	NA	29/04/2024	13/05/2024	26/05/2024	63	129269	3900.058484	9751	1	2851.693877	1000	3	30	744135.925856068	6825663.64252674
95	NA	NA	NA	16	21	16	NA	NA	NA	NA	NA	NA	NA	NA	NA	0	0	0	NA	NA	NA	120	120	110	NA	NA	NA	nasse_flottante	nasse_flottante	nasse_flottante	NA	NA	NA	29/04/2024	13/05/2024	26/05/2024	64	159300	1309.282157	30425	1	2881.309381	510	3	25	744767.872221173	6825509.06421657
96	7	9	18	9	4	11.5	10	NA	20	NA	NA	14.7	0	1	1	1	0	0	NA	NA	NA	150	150	150	nasse_flottante	nasse_flottante	nasse_flottante	nasse_flottante	nasse_flottante	nasse_flottante	30/04/2021	12/05/2021	06/07/2021	26/03/2024	18/04/2024	10/05/2024	162	1332	640.8473237	961	0	9.055489947	265	1	NA	846867	6877976
97	5	6	10	10	17	10	NA	NA	NA	NA	NA	NA	0	0	0	0	0	0	200	200	150	200	200	200	vue	vue	vue	vue	vue	vue	05/04/2021	01/05/2021	01/06/2021	20/03/2024	08/04/2024	04/05/2024	504	597944	1608.507946	7003	6	29.75101867	1957	3	40	983863	6768153
98	3	NA	NA	10	19.5	12	NA	NA	NA	NA	NA	20.5	0	0	0	0	0	0	50	0	0	200	200	200	vue	vue	vue	vue	vue	vue	30/03/2021	21/04/2021	17/06/2021	20/03/2024	08/04/2024	28/05/2024	576	107829	1890.25282	8580	0	36.14762583	4648	4	0	959222	6767701
99	5	12	14	8	7	14	9	NA	18	NA	NA	NA	0	0	0	0	1	0	200	200	200	200	200	200	vue	vue	vue	vue	vue	vue	15/04/2021	27/05/2021	06/07/2021	25/03/2024	16/04/2024	30/04/2024	308	88289	2305.246475	31113	0	5.002256085	3833	4	NA	889955	6805339
100	5	12	15	8	7	14	9	NA	18	NA	12.4	16.6	0	0	0	0	0	0	50	50	40	60	60	60	vue	vue	vue	vue	vue	vue	15/04/2021	27/05/2021	06/07/2021	25/03/2024	16/04/2024	30/04/2024	322	321913	1094.571539	0	0	39.57796835	195	4	80	889305	6805136
101	13	8	13	11	14	2.8	9	11	14	9.5	11.8	8	0	0	0	0	0	0	40	40	40	30	30	30	vue	vue	vue	vue	vue	vue	09/04/2021	20/04/2021	12/05/2021	25/03/2024	04/04/2024	25/04/2024	195	158718	1247.228263	5192	1	3.081579743	125	1	0	1043519.67002563	6774586.00589596
102	6	10	12	10	14	3.3	10	11	13.5	9.5	12.7	8.4	0	0	0	0	0	0	120	120	120	60	60	70	amphicapt	amphicapt	amphicapt	vue	vue	vue	20/04/2021	29/04/2021	07/05/2021	25/03/2024	04/04/2024	25/04/2024	195	59707	1942.381295	17279	6	3.250122831	120	1	0	1042723.16029855	6776022.9661924
103	17	17	18	8	13	13	17	17	18	9	11	12	0	0	0	0	0	0	100	100	100	120	120	120	nasse_flottante	nasse_immergee	nasse_flottante	nasse_immergee	nasse_immergee	nasse_immergee	10/05/2021	26/05/2021	08/06/2021	26/03/2024	10/04/2024	30/04/2024	125	103010	810.4353639	10264	1	0.585954683	420	3	40	809226.172217696	6884207.56009811
104	20	13	13	7	13	13	15	17	15	9	11	12	0	0	0	0	0	0	300	250	200	200	200	200	vue	vue	vue	vue	vue	vue	31/03/2021	10/05/2021	26/05/2021	26/03/2024	10/04/2024	30/04/2024	88	16151	2230.640846	6990	0	21.188193	7000	4	70	796549.808622514	6882045.42321191
105	9.1	15.6	16.9	NA	NA	NA	9.1	15.6	16.9	NA	NA	NA	0	1	0	NA	NA	NA	60	60	60	NA	NA	NA	nasse_immergee	nasse_immergee	nasse_immergee	NA	NA	NA	15/04/2021	28/04/2021	11/05/2021	NA	NA	NA	156	275215	800.8258056	0	2	0.274010323	150	3	NA	836484.925803345	6866808.26374931
106	12	8	12	NA	NA	NA	8	12	12	NA	NA	NA	0	0	0	NA	NA	NA	NA	NA	NA	NA	NA	NA	vue	vue	vue	NA	NA	NA	22/04/2021	18/05/2021	25/05/2021	NA	NA	NA	69	173390	457.8905911	17156	0	2902.725342	1150	2	NA	741820.81711596	6829477.14207809
107	10	8	17	NA	NA	NA	NA	12	16	NA	NA	NA	0	0	0	NA	NA	NA	NA	NA	NA	NA	NA	NA	epuisette	epuisette	epuisette	NA	NA	NA	22/04/2021	19/05/2021	03/06/2021	NA	NA	NA	160	343968	109.5390516	0	0	331.5781816	2400	3	NA	737799.679611839	6828959.08791089
108	8	10	10	15	20	16	10	10	12	NA	NA	NA	0	0	0	0	0	0	150	140	140	100	100	95	vue	vue	epuisette	nasse_flottante	nasse_flottante	nasse_flottante	21/04/2021	18/05/2021	25/05/2021	29/04/2024	13/05/2024	26/05/2024	66	60188	1471.875505	0	0	2026.084329	840	3	10	745567.774643218	6826435.47603037
109	12	8	10	NA	NA	NA	14	NA	NA	NA	NA	NA	0	0	0	NA	NA	NA	30	0	0	NA	NA	NA	nasse_flottante	vue	vue	NA	NA	NA	22/04/2021	11/05/2021	26/05/2021	NA	NA	NA	62	114640	4424.760789	10811	0	3378.338643	1500	3	NA	743687.337118741	6825268.70939612
110	10	8	17	NA	NA	NA	NA	12	16	NA	NA	NA	0	0	0	NA	NA	NA	NA	NA	NA	NA	NA	NA	epuisette	epuisette	epuisette	NA	NA	NA	22/04/2021	18/05/2021	03/06/2021	NA	NA	NA	155	327757	25.40526932	0	0	93.52443014	715	3	NA	737544.621278245	6829034.7587443
111	10	8	17	NA	NA	NA	NA	12	16	NA	NA	NA	0	0	0	NA	NA	NA	NA	NA	NA	NA	NA	NA	epuisette	epuisette	epuisette	NA	NA	NA	22/04/2021	18/05/2021	03/06/2021	NA	NA	NA	156	314898	150.7793235	0	0	220.3224106	390	3	NA	737644.633778347	6828946.91707755
112	12	6	17	NA	NA	NA	12	8	16	NA	NA	NA	0	0	0	NA	NA	NA	70	65	50	NA	NA	NA	vue	vue	vue	NA	NA	NA	20/04/2021	11/05/2021	02/06/2021	NA	NA	NA	82	15940	387.3407219	1675	7	55.68250487	600	2	50	775239.706100128	6827104.96789142
113	17	NA	NA	5	8	9	9.9	NA	NA	NA	11	12	NA	NA	NA	0	0	0	120	NA	NA	120	120	120	nasse_immergee	NA	NA	nasse_immergee	nasse_immergee	nasse_immergee	09/04/2021	NA	NA	18/04/2024	25/04/2024	02/05/2024	173	217464	1073.573887	5087	11	1.000587833	75	4	70	783767	6773386
114	17	15	10	4	8	9	8.2	10	9.7	NA	11	11	0	0	0	0	0	0	100	100	100	70	70	70	nasse_immergee	nasse_immergee	nasse_immergee	nasse_immergee	nasse_immergee	nasse_immergee	09/04/2021	21/04/2021	05/05/2021	18/04/2024	25/04/2024	02/05/2024	167	241035	463.6301935	8807	6	8.251069984	160	1	10	782124	6773044
115	20	17	NA	8	8	4	15	17	NA	NA	NA	11	0	0	NA	0	0	0	200	200	NA	150	150	150	nasse_immergee	nasse_immergee	NA	nasse_immergee	nasse_immergee	nasse_immergee	31/03/2021	10/05/2021	NA	27/03/2024	10/04/2024	24/04/2024	244	193397	2266.668052	6557	11	4.123080163	330	4	40	753378	6878922
116	12	13	6	8	7	13.5	NA	NA	NA	9	8.7	16	0	0	1	0	1	0	100	100	100	200	200	200	nasse_flottante	nasse_flottante	nasse_flottante	nasse_flottante	nasse_flottante	nasse_flottante	03/05/2021	04/05/2021	05/05/2021	26/03/2024	19/04/2024	14/05/2024	212	39225	1171.716379	2799	5	2.56767821	300	0	5	816604.752835403	6951792.24613553
117	12	13	6	NA	7	13.5	NA	NA	NA	NA	9.2	22	0	0	1	NA	1	0	100	100	100	NA	200	100	nasse_flottante	nasse_flottante	nasse_flottante	NA	nasse_flottante	nasse_flottante	03/05/2021	04/05/2021	05/05/2021	26/03/2024	19/04/2024	14/05/2024	244	69823	2832.989616	6817	1	1.424639554	200	4	30	816799.431334305	6953051.30713182
118	12	13	6	8	7	13.5	NA	NA	NA	8.5	8.2	22	0	0	1	0	1	0	100	100	100	100	100	100	nasse_flottante	nasse_flottante	nasse_flottante	nasse_flottante	nasse_flottante	nasse_flottante	03/05/2021	04/05/2021	05/05/2021	26/03/2024	19/04/2024	14/05/2024	241	66964	1990.313247	13006	1	7.710213531	500	4	20	816826.100926717	6952785.34312769
119	0.5	10	11	NA	NA	NA	11.6	16.3	17.5	NA	NA	NA	1	1	1	NA	NA	NA	110	110	110	NA	NA	NA	nasse_flottante	nasse_flottante	nasse_flottante	NA	NA	NA	15/04/2021	28/04/2021	11/05/2021	NA	NA	NA	173	172385	1079.80641	0	3	2.399371086	225	4	NA	836287.605858795	6866777.84480631
120	6	11	17	8	7	13.5	NA	NA	NA	12	10.5	22	0	0	0	0	1	0	120	120	120	150	150	150	nasse_flottante	nasse_flottante	nasse_flottante	nasse_flottante	nasse_flottante	nasse_flottante	06/05/2021	07/05/2021	08/05/2021	26/03/2024	19/04/2024	14/05/2024	171	94874	4318.198947	7081	1	534.4964626	150	4	5	818782	6952355
121	12	13	6	8	7	13.5	NA	NA	NA	10.5	10.7	20	0	0	1	0	1	0	50	50	50	150	150	150	nasse_flottante	nasse_flottante	nasse_flottante	nasse_flottante	nasse_flottante	nasse_flottante	03/05/2021	04/05/2021	05/05/2021	26/03/2024	19/04/2024	14/05/2024	206	16827	1276.121402	12708	9	2.106853417	130	3	50	816754.356028967	6951549.38596894
122	20	16	20	8	7	5	15	16	18	NA	NA	11	0	0	0	0	0	0	150	150	120	120	120	120	nasse_immergee	nasse_immergee	nasse_immergee	nasse_immergee	nasse_immergee	nasse_immergee	31/03/2021	10/05/2021	07/06/2021	27/03/2024	10/04/2024	24/04/2024	232	121586	3764.402698	70494	8	2.236044441	300	3	50	753215	6879543
123	NA	NA	NA	8	7	13.5	NA	NA	NA	9.5	8.7	22	0	0	1	0	1	0	50	50	50	100	100	60	nasse_immergee	nasse_immergee	nasse_immergee	nasse_flottante	nasse_flottante	nasse_flottante	03/05/2021	04/05/2021	05/05/2021	26/03/2024	19/04/2024	14/05/2024	202	19652	2905.91323	9181	6	6.518961306	130	1	40	811213.271029926	6953126.8422648
124	20	16	20	8	7	4	15	16	18	NA	NA	11	0	0	0	0	0	0	120	120	100	100	100	100	nasse_immergee	nasse_immergee	nasse_immergee	nasse_immergee	nasse_immergee	nasse_immergee	31/03/2021	10/05/2021	07/06/2021	27/03/2024	10/04/2024	24/04/2024	240	179261	2319.411693	5921	6	0.999990177	630	3	85	752607	6879437
125	12	11	6.6	13	13	6	11.7	NA	12.6	15	12	12	0	0	0	0	0	0	200	200	200	150	NA	NA	nasse_flottante	nasse_flottante	nasse_flottante	nasse_immergee	nasse_immergee	nasse_immergee	09/04/2021	21/04/2021	05/05/2021	19/03/2024	03/04/2024	18/04/2024	125	5496	1560.788676	6310	2	34.89641259	70	3	10	820345.58	6832461.21
126	12	10	6.3	15	13	6	12	NA	13.8	13	12	13	0	0	0	0	0	0	200	200	200	150	NA	NA	nasse_flottante	nasse_flottante	nasse_flottante	nasse_immergee	nasse_immergee	nasse_immergee	09/04/2021	21/04/2021	05/05/2021	19/03/2024	03/04/2024	18/04/2024	127	587338	230.1858436	0	5	15.64183748	150	2	30	821861.35	6832616.02
127	12	NA	15	17	13	6	12	NA	15	15	13	13	0	0	0	0	0	0	200	200	200	150	NA	NA	nasse_immergee	nasse_immergee	nasse_immergee	nasse_immergee	nasse_immergee	nasse_immergee	09/04/2021	21/04/2021	05/05/2021	19/03/2024	03/04/2024	18/04/2024	123	547074	288.8719263	0	5	79.1207949	150	2	30	821794.121802936	6832648.98692262
128	6	12	10	13	14	4	10	15	13.5	13	12	13	0	0	0	0	0	0	250	250	250	130	NA	NA	nasse_flottante	nasse_flottante	nasse_flottante	nasse_immergee	nasse_immergee	nasse_immergee	13/04/2021	22/04/2021	07/05/2021	18/03/2024	04/04/2024	17/04/2024	157	5586	712.6188036	5689	8	0.814509942	50	3	5	838201.124139356	6825342.80471594
129	6	12	10	13	14	4	10	15	14	13	13	12	0	0	0	0	0	0	200	200	200	150	NA	NA	nasse_flottante	nasse_flottante	nasse_flottante	nasse_immergee	nasse_immergee	nasse_immergee	13/04/2021	22/04/2021	07/05/2021	18/03/2024	04/04/2024	17/04/2024	155	14637	963.9650957	28486	6	1.000337392	140	0	5	838724	6825448
130	6	12	11	13	14	4	10	16	15	13	13	12	0	0	0	0	0	0	200	200	200	130	NA	NA	nasse_immergee	nasse_immergee	nasse_immergee	nasse_immergee	nasse_immergee	nasse_immergee	13/04/2021	22/04/2021	07/05/2021	18/03/2024	04/04/2024	17/04/2024	165	213964	1270.320445	8017	4	0.53015078	1485	3	30	839097.158060405	6825620.50585345
131	20	20	NA	7	8	4	15	17	NA	NA	NA	11	0	0	NA	0	0	0	200	200	NA	60	60	60	nasse_immergee	nasse_immergee	NA	nasse_immergee	nasse_immergee	nasse_immergee	31/03/2021	10/05/2021	NA	27/03/2024	10/04/2024	24/04/2024	239	266340	2217.710757	5949	9	4.999972565	350	4	25	753847	6878827
132	6	11	17	8	7	13.5	NA	NA	NA	9.5	7.3	16	0	0	0	0	1	0	120	120	120	80	80	100	nasse_flottante	nasse_flottante	nasse_flottante	nasse_flottante	nasse_flottante	nasse_flottante	06/05/2021	07/05/2021	08/05/2021	26/03/2024	19/04/2024	14/05/2024	226	21677	2318.869853	7343	1	23.89615549	500	3	10	820904.2446	6950722.013
133	12	13	7	8	7	13.5	NA	NA	NA	9.5	9.1	20.5	0	0	1	0	1	0	100	100	100	150	150	150	nasse_flottante	nasse_flottante	nasse_flottante	nasse_flottante	nasse_flottante	nasse_flottante	03/05/2021	04/05/2021	05/05/2021	26/03/2024	19/04/2024	14/05/2024	234	10566	2466.448642	14080	8	1.651831369	100	4	40	811437.2723	6953576.055
134	12	13	7	8	7	13.5	NA	NA	NA	9.5	9.2	18.6	0	0	1	0	1	0	120	120	120	200	200	200	nasse_flottante	nasse_flottante	nasse_flottante	nasse_flottante	nasse_flottante	nasse_flottante	03/05/2021	04/05/2021	05/05/2021	26/03/2024	19/04/2024	14/05/2024	241	28621	3000.145227	8818	6	1.077289701	200	3	0	810796.5364	6954771.935
135	12	13	7	8	7	13.5	NA	NA	NA	10	9.5	19.5	0	0	1	0	1	0	120	120	120	200	200	200	nasse_flottante	nasse_flottante	nasse_flottante	nasse_flottante	nasse_flottante	nasse_flottante	03/05/2021	04/05/2021	05/05/2021	26/03/2024	19/04/2024	14/05/2024	239	28031	2972.574549	7103	5	61.90696836	200	3	0	810738.2435	6954743.185
136	6	11	17	8	7	13.5	NA	NA	NA	11.5	8.8	20	0	0	0	0	1	0	150	150	150	150	150	150	nasse_flottante	nasse_flottante	nasse_flottante	nasse_flottante	nasse_flottante	nasse_flottante	06/05/2021	07/05/2021	08/05/2021	26/03/2024	19/04/2024	14/05/2024	216	33338	3140.6735	20592	6	1.774399701	100	4	90	820367.07498323	6950530.41295699
137	6	11	17	8	7	13.5	NA	NA	NA	10	8.8	15	0	0	0	0	1	0	160	160	160	150	150	150	nasse_flottante	nasse_flottante	nasse_flottante	nasse_flottante	nasse_flottante	nasse_flottante	06/05/2021	07/05/2021	08/05/2021	26/03/2024	19/04/2024	14/05/2024	222	66780	1296.290304	12708	5	2.384145341	100	0	0	819639.9688	6950901.347
138	20	NA	20	8	7	5	15	NA	18	NA	NA	10	NA	NA	0	0	0	0	200	NA	150	90	90	90	nasse_immergee	NA	nasse_immergee	nasse_immergee	nasse_immergee	nasse_immergee	31/03/2021	NA	07/06/2021	27/03/2024	10/04/2024	24/04/2024	240	140066	3061.193537	13480	8	0.999990266	220	4	75	752874	6879427
139	11	9	6.8	8	7	9	12.8	NA	14	NA	NA	11	0	0	0	0	0	0	200	200	200	100	NA	NA	nasse_flottante	nasse_flottante	nasse_flottante	nasse_immergee	nasse_immergee	nasse_immergee	09/04/2021	21/04/2021	05/05/2021	27/03/2024	16/04/2024	25/04/2024	122	82501	1475.657405	0	2	2.798686984	100	4	80	824211.384710922	6831104.46323188
140	10	8	7.2	8	7	9	12	14	13.1	NA	NA	11	0	0	0	0	0	1	200	200	200	120	NA	NA	nasse_flottante	nasse_flottante	nasse_flottante	nasse_immergee	nasse_immergee	nasse_immergee	09/04/2021	21/04/2021	05/05/2021	27/03/2024	16/04/2024	25/04/2024	120	57134	2205.04032	0	4	3.606661213	150	4	75	824106	6830371
141	11	9	6.8	8	7	9	12.6	NA	14.6	NA	NA	13	0	0	0	0	0	0	200	200	200	140	NA	NA	nasse_flottante	nasse_flottante	nasse_flottante	nasse_immergee	nasse_immergee	nasse_immergee	09/04/2021	21/04/2021	05/05/2021	27/03/2024	16/04/2024	25/04/2024	125	48199	1229.594846	3424	1	3.163235143	75	4	10	824037	6831256
142	12.3	NA	13.6	13	13	6	12.3	NA	13.6	15	12	12	0	0	0	0	0	0	150	150	150	130	NA	NA	nasse_immergee	nasse_immergee	nasse_immergee	nasse_immergee	nasse_immergee	nasse_immergee	09/04/2021	21/04/2021	05/05/2021	19/03/2024	03/04/2024	18/04/2024	115	433315	900.833133	0	0	2.21870862	330	3	60	821760.718504247	6835316.59762185
143	12	8	17	14	14	18	NA	NA	NA	NA	NA	NA	0	0	0	0	0	0	0	0	0	NA	NA	10	vue	vue	vue	vue	vue	vue	20/04/2021	11/05/2021	02/06/2021	15/04/2024	29/04/2024	13/05/2024	90	0	191.2138251	8763	0	4256.160488	130	4	0	769521.16469041	6827298.12257149
144	6	8	17	14	14	18	11	10	NA	NA	NA	NA	0	0	0	0	1	0	20	10	0	100	90	70	vue	vue	vue	nasse_flottante	nasse_flottante	nasse_flottante	20/04/2021	11/05/2021	02/06/2021	15/04/2024	29/04/2024	13/05/2024	72	54398	179.2718633	6032	3	8.307769296	3800	3	70	753347.25117774	6821292.16018727
145	10	8	17	14	14	18	12	10	16	NA	NA	NA	0	0	0	0	0	0	110	90	50	NA	NA	150	vue	vue	vue	NA	NA	epuisette	20/04/2021	11/05/2021	02/06/2021	15/04/2024	29/04/2024	13/05/2024	83	21242	288.8694928	0	1	25.70318268	225	0	15	768183.455533521	6823232.57596343
146	12	12	8	15	20	16	13	14	12	NA	NA	NA	0	0	1	0	0	0	110	100	90	160	160	150	nasse_flottante	nasse_flottante	nasse_flottante	nasse_flottante	nasse_flottante	nasse_flottante	22/04/2021	11/05/2021	26/05/2021	29/04/2024	13/05/2024	26/05/2024	67	40239	2524.672155	0	1	18.91098903	7000	2	60	744697.185808545	6828882.49667382
147	12	12	8	16	21	16	13	14	12	NA	NA	NA	0	0	1	0	0	0	80	70	60	125	125	110	nasse_flottante	nasse_flottante	nasse_flottante	nasse_flottante	nasse_flottante	nasse_flottante	22/04/2021	11/05/2021	26/05/2021	29/04/2024	13/05/2024	26/05/2024	61	162678	2005.180507	0	1	4012.211748	1500	3	40	740233.50337079	6826176.55726057
148	9	14	12	11	12	8	9.4	15.1	11.6	12.2	13.7	12.4	0	0	0	0	0	0	100	100	90	85	85	85	nasse_immergee	nasse_immergee	nasse_immergee	nasse_immergee	nasse_immergee	nasse_immergee	14/04/2021	29/04/2021	06/05/2021	14/03/2024	04/04/2024	25/04/2024	159	172313	355.9269949	0	4	5.101195076	50	4	50	827124	6808483
149	9	14	12	12	13	7	11	17	13.3	13.1	12.9	NA	0	0	0	0	1	0	100	80	80	95	95	50	nasse_immergee	nasse_immergee	nasse_immergee	nasse_immergee	nasse_immergee	nasse_immergee	14/04/2021	29/04/2021	06/05/2021	14/03/2024	04/04/2024	25/04/2024	185	262633	504.6317294	729	8	1.778135137	145	1	15	827749.948862483	6806813.50288855
150	9	14	12	11	12	7	11	17	12.5	12.1	12.8	NA	0	0	0	0	0	0	150	130	120	70	70	70	nasse_immergee	nasse_immergee	nasse_immergee	nasse_immergee	nasse_immergee	nasse_immergee	14/04/2021	29/04/2021	06/05/2021	14/03/2024	04/04/2024	25/04/2024	153	134877	217.0387364	0	3	2.237019167	210	4	10	827012	6808728
151	9	14	12	11	12	8	11.2	16.7	13	14.1	14.2	11.8	0	0	0	0	0	0	150	100	100	95	95	90	nasse_immergee	nasse_immergee	nasse_immergee	nasse_immergee	nasse_immergee	nasse_immergee	14/04/2021	29/04/2021	06/05/2021	14/03/2024	04/04/2024	25/04/2024	171	214633	267.8797365	6778	3	5.002143298	215	4	5	827465	6808096
152	9	14	12	10	13	8	11	15.3	13.1	NA	14.4	11	0	0	0	0	0	0	80	80	80	NA	70	60	nasse_immergee	nasse_immergee	nasse_immergee	NA	nasse_immergee	nasse_immergee	14/04/2021	29/04/2021	06/05/2021	14/03/2024	04/04/2024	25/04/2024	152	265576	2202.177046	4592	10	27.47066361	100	4	85	826324	6809274
153	20	19	20	7	8	4	15	17	18	NA	NA	NA	0	0	0	0	0	0	80	80	30	50	50	50	nasse_immergee	nasse_immergee	nasse_immergee	nasse_immergee	nasse_immergee	nasse_immergee	31/03/2021	10/05/2021	07/06/2021	27/03/2024	10/04/2024	24/04/2024	233	299813	2120.110387	6737	7	0.999992841	130	4	NA	753846	6879067
154	17	15	10	5	8	9	11.7	14.9	15.2	NA	12	11	0	0	0	0	1	0	100	80	60	90	90	90	nasse_immergee	nasse_immergee	nasse_immergee	nasse_immergee	nasse_immergee	nasse_immergee	09/04/2021	21/04/2021	05/05/2021	18/04/2024	25/04/2024	02/05/2024	183	245926	1735.531737	3805	8	1.000589045	65	3	60	783936	6773104
155	20	18	20	7	8	4	15	17	18	NA	NA	11	0	0	0	0	0	0	150	150	120	NA	80	80	nasse_immergee	nasse_immergee	nasse_immergee	nasse_immergee	nasse_immergee	nasse_immergee	31/03/2021	10/05/2021	07/06/2021	27/03/2024	10/04/2024	24/04/2024	239	266199	2002.61469	5521	9	1.996929344	150	3	65	753673.745667172	6879135.96975972
156	17	15	10	5	8	9	11	10.3	10.2	NA	10	11	0	0	0	0	0	0	80	70	70	100	100	100	nasse_immergee	nasse_immergee	nasse_immergee	nasse_immergee	nasse_immergee	nasse_immergee	09/04/2021	21/04/2021	05/05/2021	18/04/2024	25/04/2024	02/05/2024	180	328356	1265.653727	0	8	6.192233755	230	2	40	783825.847942207	6773087.32857876
157	9	14	12	11	12	7	10	12.8	11.1	12.2	12.8	11.3	0	0	0	0	0	0	130	130	130	75	75	65	nasse_immergee	nasse_immergee	nasse_immergee	nasse_immergee	nasse_immergee	nasse_immergee	14/04/2021	29/04/2021	06/05/2021	14/03/2024	04/04/2024	25/04/2024	165	90899	339.6307683	11473	5	149.9706333	157	4	0	827264	6808418
158	17	15	10	5	8	9	13	14	13.8	NA	11.5	11	0	0	0	0	0	0	120	115	115	130	130	130	nasse_immergee	nasse_immergee	nasse_immergee	nasse_immergee	nasse_immergee	nasse_immergee	09/04/2021	21/04/2021	05/05/2021	18/04/2024	25/04/2024	02/05/2024	180	502819	429.6670685	0	7	1.415048339	340	4	35	783590	6772810
159	NA	NA	NA	14	14	18	NA	NA	NA	NA	NA	NA	NA	NA	NA	0	0	0	NA	NA	NA	100	80	75	NA	NA	NA	nasse_flottante	nasse_flottante	nasse_flottante	NA	NA	NA	15/04/2024	29/04/2024	13/05/2024	81	21115	279.2446822	5028	6	15.58981896	4300	2	25	775458.029120977	6827422.02215998
160	20	15	13	12	7	12	15	16	18.5	13.9	12.4	20.3	0	0	0	0	0	0	80	60	60	70	70	60	nasse_immergee	nasse_immergee	nasse_immergee	nasse_immergee	nasse_immergee	nasse_immergee	01/04/2021	27/04/2021	12/05/2021	21/03/2024	11/04/2024	30/04/2024	417	16665	1196.224506	4608	6	2.699795604	245	4	30	883309.370771391	6767304.32396555
161	25	15	13	12	8	12	15	17	17	12.9	13	17.5	0	0	0	0	0	0	80	70	70	45	45	35	nasse_immergee	nasse_immergee	nasse_immergee	nasse_immergee	nasse_immergee	nasse_immergee	01/04/2021	27/04/2021	12/05/2021	21/03/2024	11/04/2024	30/04/2024	445	9855	431.0381253	4073	6	3.164302821	1150	0	70	886252	6762909
162	25	15	13	12	9	12	15	18	17	13.8	14.6	19.1	0	0	0	0	0	0	80	80	80	70	65	45	nasse_immergee	nasse_immergee	nasse_immergee	nasse_immergee	nasse_immergee	nasse_immergee	01/04/2021	27/04/2021	12/05/2021	21/03/2024	11/04/2024	30/04/2024	444	9855	496.1808417	3719	6	3.607859066	1150	2	40	886094	6762994
163	25	15	13	12	8	12	15	17	14.8	11.7	12.3	18.1	0	0	0	0	0	0	60	40	40	30	30	35	vue	vue	vue	nasse_immergee	nasse_immergee	nasse_immergee	01/04/2021	27/04/2021	12/05/2021	21/03/2024	11/04/2024	30/04/2024	445	10244	431.0381253	4776	6	102.7176675	750	0	80	886415.046621623	6763037.3433828
164	20	15	13	12	7	12	15	16	18.6	10.1	12.4	20.3	0	0	0	0	0	0	100	70	70	75	65	50	nasse_immergee	nasse_immergee	nasse_immergee	nasse_immergee	nasse_immergee	nasse_immergee	01/04/2021	27/04/2021	12/05/2021	21/03/2024	11/04/2024	30/04/2024	418	16842	1196.897108	5065	6	6.407111874	338	4	30	883285	6767235
165	20	15	13	12	6	12	15	16	16.3	11.5	10.3	15.8	0	0	0	0	0	0	70	70	70	45	40	35	nasse_immergee	nasse_immergee	nasse_immergee	nasse_immergee	nasse_immergee	nasse_immergee	01/04/2021	27/04/2021	12/05/2021	21/03/2024	11/04/2024	30/04/2024	415	52485	1529.224602	6882	6	1.415095703	1000	0	5	883135	6766985
166	25	15	13	12	10	12	15	17	16.5	12.4	13.3	19	0	0	0	0	0	0	80	80	80	65	60	50	nasse_immergee	nasse_immergee	nasse_immergee	nasse_immergee	nasse_immergee	nasse_immergee	01/04/2021	27/04/2021	12/05/2021	21/03/2024	11/04/2024	30/04/2024	442	9855	523.3097908	6329	6	5.388613581	1100	3	50	886057	6762902
167	0	9	18	5	4	15.5	5	14	20	NA	10.7	14.8	1	1	0	0	0	0	130	130	100	120	120	120	nasse_flottante	nasse_flottante	nasse_flottante	nasse_flottante	nasse_flottante	nasse_flottante	06/04/2021	20/05/2021	04/06/2021	25/03/2024	16/04/2024	30/04/2024	322	509274	811.5283568	0	26	2.237381544	115	1	20	926800	6777255
168	17	15	10	4	8	9	14	12	13.2	NA	11	11	0	0	0	0	0	0	100	70	60	80	80	80	nasse_immergee	nasse_immergee	nasse_immergee	nasse_immergee	nasse_immergee	nasse_immergee	09/04/2021	21/04/2021	05/05/2021	18/04/2024	25/04/2024	02/05/2024	176	307719	1706.085329	236	6	4.215236734	125	4	95	784050.720882529	6772820.35525948
169	16	15	10	4	8	9	14	12	13.1	NA	11	12	0	0	0	0	0	0	80	70	70	80	80	80	nasse_immergee	nasse_immergee	nasse_immergee	nasse_immergee	nasse_immergee	nasse_immergee	09/04/2021	21/04/2021	05/05/2021	18/04/2024	25/04/2024	02/05/2024	185	631490	0	0	5	4.981018407	220	3	30	783163.954704402	6772503.93794255
170	9	14	12	11	12	8	11	19.2	14.4	12.1	13.3	12.7	0	0	0	0	0	0	100	100	100	85	85	50	nasse_immergee	nasse_immergee	nasse_immergee	nasse_immergee	nasse_immergee	nasse_immergee	14/04/2021	29/04/2021	06/05/2021	14/03/2024	04/04/2024	25/04/2024	160	256110	202.6020459	0	3	2.825743869	725	4	90	827175.210417618	6808214.55702436
171	10	17	14	7	8	20	13.7	NA	13.8	NA	NA	NA	0	0	0	0	0	0	40	40	40	70	70	50	nasse_flottante	nasse_flottante	nasse_flottante	vue	nasse_flottante	nasse_flottante	26/04/2021	12/05/2021	21/05/2021	01/03/2024	23/04/2024	28/06/2024	135	534987	82.42275449	22645	35	2.838702898	1000	1	80	812394.995491803	6810624.99163934
174	20	15	26	11.6	12.2	19.6	NA	14	24	11.2	13.6	18.1	1	1	0	0	0	0	50	50	50	50	50	50	nasse_flottante	nasse_flottante	nasse_flottante	nasse_flottante	nasse_flottante	nasse_flottante	28/04/2021	17/05/2021	14/06/2021	25/04/2024	02/05/2024	12/05/2024	239	59425	555.571237	49569	0	8.803353962	253	2	80	1040584.13999469	6735059.94986403
175	17	9	19	5	6	10.5	22	NA	24	NA	14.6	14.6	1	1	0	0	0	1	100	100	100	100	100	100	nasse_flottante	nasse_flottante	nasse_flottante	nasse_flottante	nasse_flottante	nasse_flottante	28/04/2021	26/05/2021	09/06/2021	28/03/2024	15/04/2024	02/05/2024	222	280591	442.524785	0	2	8.544647381	320	3	70	903667	6870287
181	NA	NA	NA	8	7	11	NA	NA	NA	NA	12.25	16.25	NA	NA	NA	1	0	0	NA	NA	NA	80	70	50	NA	NA	NA	vue	vue	vue	NA	NA	NA	15/03/2024	09/04/2024	27/05/2024	216	445151	476.7570494	6744	58	26.80551177	70	2	20	784129.905643316	6907372.90660201
182	NA	NA	NA	8	17	11.3333333333333	NA	NA	NA	NA	15.3333333333333	16.5	NA	NA	NA	1	0	0	NA	NA	NA	60	50	30	NA	NA	NA	vue	vue	vue	NA	NA	NA	12/03/2024	08/04/2024	27/05/2024	221	505936	476.7570494	9836	58	2.094775376	30	3	20	784052.796574633	6907298.242182
183	NA	NA	NA	10	9	9	NA	NA	NA	NA	10	12	NA	NA	NA	0	0	0	NA	NA	NA	100	100	80	NA	NA	NA	nasse_flottante	nasse_flottante	epuisette	NA	NA	NA	12/03/2024	10/04/2024	10/06/2024	244	509932	152.6837653	6986	295	312.0137707	20	0	5	773485.441749377	6871523.37842467
184	NA	NA	NA	10	8	18	NA	NA	NA	NA	11.5	11.5	NA	NA	NA	0	0	0	NA	NA	NA	120	100	80	NA	NA	NA	nasse_flottante	nasse_flottante	epuisette	NA	NA	NA	13/03/2024	10/04/2024	11/06/2024	242	449062	112.4263109	726	324	12.72160929	25	4	35	773830.117687835	6871439.3538203
185	NA	NA	NA	10.5	8	18	NA	NA	NA	NA	13.75	14	NA	NA	NA	0	0	0	NA	NA	NA	100	90	70	NA	NA	NA	nasse_flottante	nasse_flottante	epuisette	NA	NA	NA	13/03/2024	10/04/2024	11/06/2024	243	359248	160.5919508	6988	301	145.18238	35	3	35	773974.642932018	6871498.58600622